Name,Phone,Email
2,,
